Beta Matrix:
0.9128438495146117, 1.4448952162610063, -0.9259110374186655, 0.3208559823074215, 3.579482826932242, -0.11834009229965917, 1.827979202457128, 3.7885920204481587, -0.18316275569013962, 2.168147402295064, 3.0392760465816635, 2.14527065877735
0.9999954467621828, 1.00004955103053, 0.9589730728084297, 0.7817848043903335, 0.5102634099004947, 0.17721773783931777, -0.17721773783931674, -0.5102634099004976, -0.7817848043903302, -0.9589730728084327, -1.000049551030524, -0.9999954467621857
0.0, 0.0, 0.0, 0.0, 0.0, 0.0, 0.0, 0.0, 0.0, 0.0, 0.0, 0.0
0.0, 0.0, 0.0, 0.0, 0.0, 0.0, 0.0, 0.0, 0.0, 0.0, 0.0, 0.0
0.0, 0.0, 0.0, 0.0, 0.0, 0.0, 0.0, 0.0, 0.0, 0.0, 0.0, 0.0
0.0, 0.0, 0.0, 0.0, 0.0, 0.0, 0.0, 0.0, 0.0, 0.0, 0.0, 0.0

Beta Star:
2.3610915808743376, 2.4088985152867064, -1.0324629297696886, 1.3691556238857159, 3.1037173054906204, 0.15093121646855578, 2.1341384734117823, 3.068793746037586, -0.7728313511156989, 1.4111538213014863, 2.817913133874819, 2.3492671121133566
0.8946320243855347, 0.9351579420156467, 0.9523509287213702, 0.9547974641491263, 0.8579739417405631, 0.417022752687974, -0.5074220829503856, -0.9192076612235601, -0.9199314081899, -0.8837725704789414, -0.8892431981869163, -0.8418588631173066
0.0, 0.0, 0.0, 0.0, 0.0, 0.0, 0.0, 0.0, 0.0, 0.0, 0.0, 0.0
0.0, 0.0, 0.0, 0.0, 0.0, 0.0, 0.0, 0.0, 0.0, 0.0, 0.0, 0.0
0.0, 0.0, 0.0, 0.0, 0.0, 0.0, 0.0, 0.0, 0.0, 0.0, 0.0, 0.0
0.0, 0.0, 0.0, 0.0, 0.0, 0.0, 0.0, 0.0, 0.0, 0.0, 0.0, 0.0

True Predictors:
1.0
1.0
0.0
0.0
0.0
0.0

Evaluated Predictors:
1
1
0
0
0
0

True Intercept:
0.0

Evaluated Intercept:
0

