Beta Matrix:
-0.00022500735972652564, 0.33465380672809575, 0.6631842643900749, 0.8411994900163515
-0.0077165460114253515, 0.7440741312637233, 1.2718709854556574, 0.8572818702318723
0.0, 0.0, 0.0, 0.0
-0.0077165460114253515, 0.7440741312637233, 1.2718709854556574, 0.8572818702318723
0.0, 0.0, 0.0, 0.0
0.0, 0.0, 0.0, 0.0

Beta Star:
1.063374441255376, -0.9886604209693997, 1.27187, 0.4972017501330711
0.4327232555838093, 1.27187, 0.7193306372404756, 0.2019051945815736
0.0, 0.0, 0.0, 0.0
-0.5703547709299511, 1.27187, 0.2237701382200212, 1.1361921776760813
0.0, 0.0, 0.0, 0.0
0.0, 0.0, 0.0, 0.0

True Predictors:
1.0
1.0
0.0
1.0
0.0
0.0

Evaluated Predictors:
1
1
0
1
0
0

True Intercept:
0.0

Evaluated Intercept:
0

