Beta Matrix:
4.227235307852073e-6, 0.11110128206709902, 0.33332385320682456, 0.6299257658754281, 0.7814749000245822, 0.8414669592018587
0.00015004392051634619, 0.2323840038856928, 0.69760105921472, 1.068166732059886, 0.9830667107116215, 0.8659979598140164
0.0, 0.0, 0.0, 0.0, 0.0, 0.0
0.00015004392051634619, 0.2323840038856928, 0.69760105921472, 1.068166732059886, 0.9830667107116215, 0.8659979598140164
0.0, 0.0, 0.0, 0.0, 0.0, 0.0
0.0, 0.0, 0.0, 0.0, 0.0, 0.0

Beta Star:
-0.08237198749218945, 0.050831867532565626, 0.41510396027127294, 1.068, 0.06023496002295498, 1.068
0.18729696137277768, 0.9594601333012175, 1.068, 0.8664707913366878, -0.331602821673282, 1.068
0.0, 0.0, 0.0, 0.0, 0.0, 0.0
-0.24174104917547964, 0.3325403073831757, -0.8797889521322785, 1.068, 1.068, 1.068
0.0, 0.0, 0.0, 0.0, 0.0, 0.0
0.0, 0.0, 0.0, 0.0, 0.0, 0.0

True Predictors:
1.0
1.0
0.0
1.0
0.0
0.0

Evaluated Predictors:
1
1
0
1
0
0

True Intercept:
0.0

Evaluated Intercept:
0

