Beta Matrix:
5.012280894084453e-6, 0.11110063746036991, 0.3333244407085374, 0.6299251591487216, 0.7814756125550464, 0.8414660390052746
0.00017641538485532737, 0.23236494515673162, 0.6976151754412017, 1.0681551872183452, 0.9830768130137828, 0.8659876930161992
0.0, 0.0, 0.0, 0.0, 0.0, 0.0
0.00017641538485532737, 0.23236494515673162, 0.6976151754412017, 1.0681551872183452, 0.9830768130137828, 0.8659876930161992
0.0, 0.0, 0.0, 0.0, 0.0, 0.0
0.0, 0.0, 0.0, 0.0, 0.0, 0.0

Beta Star:
0.0, 0.0, 0.0, 0.0, 0.0, 0.0
0.0, 0.3794729510821218, 1.012500019836285, 1.4446714316584395, 1.4744684866218138, 1.436793905424378
0.0, 0.0, 0.0, 0.0, 0.0, 0.0
0.0, 0.17064530541240883, 0.7826810274050796, 1.0060518101740663, 1.0333666113952094, 0.7689153858944245
0.0, 0.0, 0.0, 0.0, 0.0, 0.0
0.0, 0.0, 0.0, 0.0, 0.0, 0.0

True Predictors:
1.0
1.0
0.0
1.0
0.0
0.0

Evaluated Predictors:
0
1
0
1
0
0

True Intercept:
0.0

Evaluated Intercept:
0.0

