Beta Matrix:
-0.00022500735972652564, 0.33465380672809575, 0.6631842643900749, 0.8411994900163515
-0.0077165460114253515, 0.7440741312637233, 1.2718709854556574, 0.8572818702318723
0.0, 0.0, 0.0, 0.0
-0.0077165460114253515, 0.7440741312637233, 1.2718709854556574, 0.8572818702318723
0.0, 0.0, 0.0, 0.0
0.0, 0.0, 0.0, 0.0

Beta Star:
-0.12827027247981138, 0.5071000800208891, 0.4489070601380037, 1.068
-0.29258863869280094, 0.9416041082811115, 1.068, 1.068
0.0, 0.0, 0.0, 0.0
0.11792042780675108, 0.8470576868394837, 1.068, 0.8638095847550883
0.0, 0.0, 0.0, 0.0
0.0, 0.0, 0.0, 0.0

True Predictors:
1.0
1.0
0.0
1.0
0.0
0.0

Evaluated Predictors:
1
1
0
1
0
0

True Intercept:
0.0

Evaluated Intercept:
0

