Beta Matrix:
-3.481221332535497, -7.7910328727520355, 0.12891218253114423, -3.249874465931674, 3.222126119110052, -0.020404506973899394, 7.57921190253896, 3.725473177235635
-1.7576885061551963, 0.6082161897044374, 0.1377113521570794, -0.0992948786606034, -0.09929487866060349, 0.13771135215707975, 0.608216189704437, -1.757688506155197
0.0, 0.0, 0.0, 0.0, 0.0, 0.0, 0.0, 0.0
0.0, 0.0, 0.0, 0.0, 0.0, 0.0, 0.0, 0.0
0.0, 0.0, 0.0, 0.0, 0.0, 0.0, 0.0, 0.0
0.0, 0.0, 0.0, 0.0, 0.0, 0.0, 0.0, 0.0

Beta Star:
7.791032872739455, -7.7910328727211455, 7.791032855004756, 7.791032799968136, -3.8943573089002497, -7.7910328668641595, -7.791032872720082, 7.791032872748035
-0.5095994615314134, -1.4322571152825643, 1.7432145975413877, -1.4870034229970914, 0.981658559492147, 1.130210806040093, -1.751823276255309, -0.9213866979785779
0.0, 0.0, 0.0, 0.0, 0.0, 0.0, 0.0, 0.0
0.0, 0.0, 0.0, 0.0, 0.0, 0.0, 0.0, 0.0
0.0, 0.0, 0.0, 0.0, 0.0, 0.0, 0.0, 0.0
0.0, 0.0, 0.0, 0.0, 0.0, 0.0, 0.0, 0.0

True Predictors:
1.0
1.0
0.0
0.0
0.0
0.0

Evaluated Predictors:
1
1
0
0
0
0

True Intercept:
0.0

Evaluated Intercept:
0

