Beta Matrix:
1.4714413844725938, 1.7172827814358582, 2.3265625593800943, 3.3344800485798203, 3.999792156871175
-0.009484410165245871, 0.37920722409538743, 0.9799502106300797, 1.819458656803274, 1.988979100213108
0.0, 0.0, 0.0, 0.0, 0.0
0.0, 0.0, 0.0, 0.0, 0.0
0.0, 0.0, 0.0, 0.0, 0.0

Beta Star:
1.4206375071399868, 1.9049411709438417, 2.026489387035268, 3.4704047954428403, 4.0
0.02242818404132865, 0.12675446187389935, 1.3519964858391016, 1.5889223743963727, 2.1869364081538056
0.0, 0.0, 0.0, 0.0, 0.0
0.0, 0.0, 0.0, 0.0, 0.0
0.0, 0.0, 0.0, 0.0, 0.0

True Predictors:
1.0
1.0
0.0
0.0
0.0

Evaluated Predictors:
1
1
0
0
0

True Intercept:
0.0

Evaluated Intercept:
0

