Beta Matrix:
1.47152488818246, 1.6350490119308505, 2.0160352318045773, 2.8135447990224445, 3.5557211578950723, 3.9999834260759943
0.00503131428030687, 0.2169097868156442, 0.7273206205548894, 1.3517632375509372, 1.9335095828721531, 1.963451330033827
0.0, 0.0, 0.0, 0.0, 0.0, 0.0
0.0, 0.0, 0.0, 0.0, 0.0, 0.0
0.0, 0.0, 0.0, 0.0, 0.0, 0.0

Beta Star:
1.4881258167227343, 1.601644537468588, 2.030286005956829, 2.827004710911314, 3.5389034807589503, 4.0
0.013436543402550086, 0.21283051935559077, 0.7120530214841982, 1.405297037299831, 1.8601946482643403, 2.0379814049794804
0.0, 0.0, 0.0, 0.0, 0.0, 0.0
0.0, 0.0, 0.0, 0.0, 0.0, 0.0
0.0, 0.0, 0.0, 0.0, 0.0, 0.0

True Predictors:
1.0
1.0
0.0
0.0
0.0

Evaluated Predictors:
1
1
0
0
0

True Intercept:
0.0

Evaluated Intercept:
0

