Beta Matrix:
1.47152488818246, 1.6350490119308505, 2.0160352318045773, 2.8135447990224445, 3.5557211578950723, 3.9999834260759943
0.00503131428030687, 0.2169097868156442, 0.7273206205548894, 1.3517632375509372, 1.9335095828721531, 1.963451330033827
0.0, 0.0, 0.0, 0.0, 0.0, 0.0
0.0, 0.0, 0.0, 0.0, 0.0, 0.0
0.0, 0.0, 0.0, 0.0, 0.0, 0.0

Beta Star:
1.1915288253210004, 1.9336005790036424, 1.7474918858827555, 3.0419032511404085, 3.55, 3.55
0.05290618159617657, 0.11467495641633307, 0.85300895252053, 1.2655729752691003, 1.9804239139282303, 1.984308275494394
0.0, 0.0, 0.0, 0.0, 0.0, 0.0
0.0, 0.0, 0.0, 0.0, 0.0, 0.0
0.0, 0.0, 0.0, 0.0, 0.0, 0.0

True Predictors:
1.0
1.0
0.0
0.0
0.0

Evaluated Predictors:
1
1
0
0
0

True Intercept:
0.0

Evaluated Intercept:
0

