Beta Matrix:
4.227235307852073e-6, 0.11110128206709902, 0.33332385320682456, 0.6299257658754281, 0.7814749000245822, 0.8414669592018587
0.00015004392051634619, 0.2323840038856928, 0.69760105921472, 1.068166732059886, 0.9830667107116215, 0.8659979598140164
0.0, 0.0, 0.0, 0.0, 0.0, 0.0
0.00015004392051634619, 0.2323840038856928, 0.69760105921472, 1.068166732059886, 0.9830667107116215, 0.8659979598140164
0.0, 0.0, 0.0, 0.0, 0.0, 0.0
0.0, 0.0, 0.0, 0.0, 0.0, 0.0

Beta Star:
0.08676360716826184, 1.068, -0.6584055554997486, 1.068, 1.068, -0.09751456583330662
1.068, 0.2055855708548422, 1.0466575285708253, 0.6870074553803607, 0.8116272355098153, 0.22467249293960057
0.0, 0.0, 0.0, 0.0, 0.0, 0.0
-1.068, 0.1965224991376793, 0.7446249110929501, 0.4640298243189595, 1.068, 1.068
0.0, 0.0, 0.0, 0.0, 0.0, 0.0
0.0, 0.0, 0.0, 0.0, 0.0, 0.0

True Predictors:
1.0
1.0
0.0
1.0
0.0
0.0

Evaluated Predictors:
1
1
0
1
0
0

True Intercept:
0.0

Evaluated Intercept:
0

