Beta Matrix:
1.47152488818246, 1.6350490119308505, 2.0160352318045773, 2.8135447990224445, 3.5557211578950723, 3.9999834260759943
0.00503131428030687, 0.2169097868156442, 0.7273206205548894, 1.3517632375509372, 1.9335095828721531, 1.963451330033827
0.0, 0.0, 0.0, 0.0, 0.0, 0.0
0.0, 0.0, 0.0, 0.0, 0.0, 0.0
0.0, 0.0, 0.0, 0.0, 0.0, 0.0

Beta Star:
1.547130402720822, 1.5491998751470044, 2.076032367965293, 2.7961476907375062, 3.545167899659683, 4.0
0.030236996625783472, 0.20779042805170037, 0.6935960726002843, 1.43716516297244, 1.797484689854123, 2.086051723987417
0.0, 0.0, 0.0, 0.0, 0.0, 0.0
0.0, 0.0, 0.0, 0.0, 0.0, 0.0
0.0, 0.0, 0.0, 0.0, 0.0, 0.0

True Predictors:
1.0
1.0
0.0
0.0
0.0

Evaluated Predictors:
1
1
0
0
0

True Intercept:
0.0

Evaluated Intercept:
0

