Beta Matrix:
1.4714186523761352, 1.7173123455326458, 2.3265155558642787, 3.3345221127701583, 3.999745024441001
1.3322676295501878e-15, 0.3333333333333337, 0.9999999999999973, 1.6666666666666692, 1.9999999999999991
0.0, 0.0, 0.0, 0.0, 0.0
0.0, 0.0, 0.0, 0.0, 0.0
1.3322676295501878e-15, 0.3333333333333337, 0.9999999999999973, 1.6666666666666692, 1.9999999999999991

Beta Star:
1.4711451183527962, 1.7169607109346336, 2.3275144102401244, 3.3336492948887395, 4.000310904487526
0.0, 0.33353647614693605, 0.999651599187527, 1.6668327563370935, 2.000143173273659
0.0, 0.0, 0.0, -3.278811537483505e-6, 0.0
0.0, 0.0, 0.0, 6.612944691696625e-6, 0.0
0.0, 0.33361981358324017, 0.9998198208155896, 1.666334602373543, 2.0005427968250045

True Predictors:
1.0
1.0
0.0
0.0
1.0

Evaluated Predictors:
1
1
0
0
1

True Intercept:
0.0

Evaluated Intercept:
0.0

