Beta Matrix:
4.227235307852073e-6, 0.11110128206709902, 0.33332385320682456, 0.6299257658754281, 0.7814749000245822, 0.8414669592018587
0.00015004392051634619, 0.2323840038856928, 0.69760105921472, 1.068166732059886, 0.9830667107116215, 0.8659979598140164
0.0, 0.0, 0.0, 0.0, 0.0, 0.0
0.00015004392051634619, 0.2323840038856928, 0.69760105921472, 1.068166732059886, 0.9830667107116215, 0.8659979598140164
0.0, 0.0, 0.0, 0.0, 0.0, 0.0
0.0, 0.0, 0.0, 0.0, 0.0, 0.0

Beta Star:
-1.068, 1.068, -0.02733790722925026, 1.068, 0.31861340844919445, 1.068
0.9786786244427744, -0.10661422973940153, 0.7319798363243378, 1.068, 0.9399402919284622, -0.2833693015482321
0.0, 0.0, 0.0, 0.0, 0.0, 0.0
0.15620355185300605, -1.0141984510841622, 1.068, 0.22256637520513653, 1.0053721850910269, 1.068
0.0, 0.0, 0.0, 0.0, 0.0, 0.0
0.0, 0.0, 0.0, 0.0, 0.0, 0.0

True Predictors:
1.0
1.0
0.0
1.0
0.0
0.0

Evaluated Predictors:
1
1
0
1
0
0

True Intercept:
0.0

Evaluated Intercept:
0

