Beta Matrix:
4.227235307852073e-6, 0.11110128206709902, 0.33332385320682456, 0.6299257658754281, 0.7814749000245822, 0.8414669592018587
0.00015004392051634619, 0.2323840038856928, 0.69760105921472, 1.068166732059886, 0.9830667107116215, 0.8659979598140164
0.0, 0.0, 0.0, 0.0, 0.0, 0.0
0.00015004392051634619, 0.2323840038856928, 0.69760105921472, 1.068166732059886, 0.9830667107116215, 0.8659979598140164
0.0, 0.0, 0.0, 0.0, 0.0, 0.0
0.0, 0.0, 0.0, 0.0, 0.0, 0.0

Beta Star:
-1.068, 0.7664953837364866, 0.08339811374634455, 0.6007199093971447, 1.0238959877963927, 1.068
0.3038302677159472, 1.0299000288140583, 0.5910247146365456, 1.068, 0.004261328857751536, 0.7310247734331435
0.0, 0.0, 0.0, 0.0, 0.0, 0.0
-0.5448604312097752, -0.36175704714683926, 0.2608762401340346, 1.068, 0.7543363091101609, 1.068
0.0, 0.0, 0.0, 0.0, 0.0, 0.0
0.0, 0.0, 0.0, 0.0, 0.0, 0.0

True Predictors:
1.0
1.0
0.0
1.0
0.0
0.0

Evaluated Predictors:
1
1
0
1
0
0

True Intercept:
0.0

Evaluated Intercept:
0

