Beta Matrix:
1.47152488818246, 1.6350490119308505, 2.0160352318045773, 2.8135447990224445, 3.5557211578950723, 3.9999834260759943
0.00503131428030687, 0.2169097868156442, 0.7273206205548894, 1.3517632375509372, 1.9335095828721531, 1.963451330033827
0.0, 0.0, 0.0, 0.0, 0.0, 0.0
0.0, 0.0, 0.0, 0.0, 0.0, 0.0
0.0, 0.0, 0.0, 0.0, 0.0, 0.0

Beta Star:
1.3418353779129324, 1.7158121833363553, 1.9857589849990425, 2.799269245643952, 3.574688570297446, 4.0
-0.02688166803901461, 0.2392515157307202, 0.6980403828336785, 1.3864837762034932, 1.9276684104023056, 1.9945417134954342
0.0, 0.0, 0.0, 0.0, 0.0, 0.0
0.0, 0.0, 0.0, 0.0, 0.0, 0.0
0.0, 0.0, 0.0, 0.0, 0.0, 0.0

True Predictors:
1.0
1.0
0.0
0.0
0.0

Evaluated Predictors:
1
1
0
0
0

True Intercept:
0.0

Evaluated Intercept:
0

