Beta Matrix:
0.9128438495146117, 1.4448952162610063, -0.9259110374186655, 0.3208559823074215, 3.579482826932242, -0.11834009229965917, 1.827979202457128, 3.7885920204481587, -0.18316275569013962, 2.168147402295064, 3.0392760465816635, 2.14527065877735
0.9999954467621828, 1.00004955103053, 0.9589730728084297, 0.7817848043903335, 0.5102634099004947, 0.17721773783931777, -0.17721773783931674, -0.5102634099004976, -0.7817848043903302, -0.9589730728084327, -1.000049551030524, -0.9999954467621857
0.0, 0.0, 0.0, 0.0, 0.0, 0.0, 0.0, 0.0, 0.0, 0.0, 0.0, 0.0
0.0, 0.0, 0.0, 0.0, 0.0, 0.0, 0.0, 0.0, 0.0, 0.0, 0.0, 0.0
0.0, 0.0, 0.0, 0.0, 0.0, 0.0, 0.0, 0.0, 0.0, 0.0, 0.0, 0.0
0.0, 0.0, 0.0, 0.0, 0.0, 0.0, 0.0, 0.0, 0.0, 0.0, 0.0, 0.0

Beta Star:
3.457476172165095, -0.31804966685298197, 3.6421597629081464, 3.5380549569812163, 3.6407914336915463, -0.8533193274602509, -2.6452534773621474, 3.657190989784018, -2.9771759462064056, 3.713340979605777, 3.376854148549359, 3.407500429509995
0.9274223102843184, 0.949483450282316, 0.964934012577908, 0.9787713113533532, 0.8755967924679824, 0.5566173928977818, -0.5356616262026647, -0.9614566894818309, -0.9572442446925642, -0.9233901095859692, -0.9425719408643234, -0.9305079287394284
0.0, 0.0, 0.0, 0.0, 0.0, 0.0, 0.0, 0.0, 0.0, 0.0, 0.0, 0.0
0.0, 0.0, 0.0, 0.0, 0.0, 0.0, 0.0, 0.0, 0.0, 0.0, 0.0, 0.0
0.0, 0.0, 0.0, 0.0, 0.0, 0.0, 0.0, 0.0, 0.0, 0.0, 0.0, 0.0
0.0, 0.0, 0.0, 0.0, 0.0, 0.0, 0.0, 0.0, 0.0, 0.0, 0.0, 0.0

True Predictors:
1.0
1.0
0.0
0.0
0.0
0.0

Evaluated Predictors:
1
1
0
0
0
0

True Intercept:
0.0

Evaluated Intercept:
0

