Beta Matrix:
4.227235307852073e-6, 0.11110128206709902, 0.33332385320682456, 0.6299257658754281, 0.7814749000245822, 0.8414669592018587
0.00015004392051634619, 0.2323840038856928, 0.69760105921472, 1.068166732059886, 0.9830667107116215, 0.8659979598140164
0.0, 0.0, 0.0, 0.0, 0.0, 0.0
0.00015004392051634619, 0.2323840038856928, 0.69760105921472, 1.068166732059886, 0.9830667107116215, 0.8659979598140164
0.0, 0.0, 0.0, 0.0, 0.0, 0.0
0.0, 0.0, 0.0, 0.0, 0.0, 0.0

Beta Star:
-1.068, 1.068, -0.39739853043644086, 1.068, 0.8281970627620019, 1.025433300651429
-0.28136002928204007, 1.068, 1.068, 0.135815798302132, 1.068, 1.068
0.0, 0.0, 0.0, 0.0, 0.0, 0.0
-1.068, 0.6223429544369692, 1.068, 1.068, 1.068, 0.23821309867134907
0.0, 0.0, 0.0, 0.0, 0.0, 0.0
0.0, 0.0, 0.0, 0.0, 0.0, 0.0

True Predictors:
1.0
1.0
0.0
1.0
0.0
0.0

Evaluated Predictors:
1
1
0
1
0
0

True Intercept:
0.0

Evaluated Intercept:
0

