Beta Matrix:
-4.186150451478464, -4.917624269747883, -5.970483799082225, -1.3425321431811879, -1.1580985376758157, -2.6839107140648037, 2.6615600700135302, 1.2353586273040222, 1.173198736156745, 6.3455466057880034, 4.289586328001679, 4.8234767184275675
-0.7579922766809076, -1.5219386483191297, 0.3675288550184583, 1.6609859613611864, -2.2595353199182684, 1.0278000795500652, 1.0278000795500606, -2.259535319918263, 1.6609859613611841, 0.36752885501845767, -1.521938648319127, -0.7579922766809082
0.0, 0.0, 0.0, 0.0, 0.0, 0.0, 0.0, 0.0, 0.0, 0.0, 0.0, 0.0
0.0, 0.0, 0.0, 0.0, 0.0, 0.0, 0.0, 0.0, 0.0, 0.0, 0.0, 0.0
0.0, 0.0, 0.0, 0.0, 0.0, 0.0, 0.0, 0.0, 0.0, 0.0, 0.0, 0.0
0.0, 0.0, 0.0, 0.0, 0.0, 0.0, 0.0, 0.0, 0.0, 0.0, 0.0, 0.0

Beta Star:
6.345546605791245, -6.34554660578117, 6.345546605190945, -6.345546592489504, 6.345546592182849, 6.3455466046904405, 6.345546604435919, -6.3455465740037456, -3.190803628981744, -6.345546604529482, -6.345546605781011, 6.345546605786829
-0.9274314936007602, 1.3729050316564306, -2.259191381377423, -2.1199891291020116, 1.303574226685273, -2.220354781678895, 2.254938510198901, 2.2561635274308403, 2.2573731655128846, -2.2293698869594776, -2.255381393966677, -0.8405701314319496
0.0, 0.0, 0.0, 0.0, 0.0, 0.0, 0.0, 0.0, 0.0, 0.0, 0.0, 0.0
0.0, 0.0, 0.0, 0.0, 0.0, 0.0, 0.0, 0.0, 0.0, 0.0, 0.0, 0.0
0.0, 0.0, 0.0, 0.0, 0.0, 0.0, 0.0, 0.0, 0.0, 0.0, 0.0, 0.0
0.0, 0.0, 0.0, 0.0, 0.0, 0.0, 0.0, 0.0, 0.0, 0.0, 0.0, 0.0

True Predictors:
1.0
1.0
0.0
0.0
0.0
0.0

Evaluated Predictors:
1
1
0
0
0
0

True Intercept:
0.0

Evaluated Intercept:
0

