Beta Matrix:
5.012280894084453e-6, 0.11110063746036991, 0.3333244407085374, 0.6299251591487216, 0.7814756125550464, 0.8414660390052746
0.00017641538485532737, 0.23236494515673162, 0.6976151754412017, 1.0681551872183452, 0.9830768130137828, 0.8659876930161992
0.0, 0.0, 0.0, 0.0, 0.0, 0.0
0.00017641538485532737, 0.23236494515673162, 0.6976151754412017, 1.0681551872183452, 0.9830768130137828, 0.8659876930161992
0.0, 0.0, 0.0, 0.0, 0.0, 0.0
0.0, 0.0, 0.0, 0.0, 0.0, 0.0

Beta Star:
0.0, 0.0, 0.0, 0.0, 0.0, 0.0
0.0, 0.0, 0.0, 0.0, 0.0, 0.0
0.4233677428830348, 0.0, 1.6190826132048648, 1.5680548871866224, 1.9455734457452727, 7.872850642093638
-0.41232748504965605, 0.41406500989735306, 0.0, 0.0, -0.14175496041067595, -9.719946916750628
0.0, 0.0, 0.0, 0.0, 0.0, 0.0
0.0, 0.2162265788405142, -0.03470203761495334, 0.31716057927952607, 0.0, 10.241446551944723

True Predictors:
1.0
1.0
0.0
1.0
0.0
0.0

Evaluated Predictors:
0
0
1
1
0
1

True Intercept:
0.0

Evaluated Intercept:
0.0

