Beta Matrix:
1.4714413844725938, 1.7172827814358582, 2.3265625593800943, 3.3344800485798203, 3.999792156871175
-0.009484410165245871, 0.37920722409538743, 0.9799502106300797, 1.819458656803274, 1.988979100213108
0.0, 0.0, 0.0, 0.0, 0.0
0.0, 0.0, 0.0, 0.0, 0.0
0.0, 0.0, 0.0, 0.0, 0.0

Beta Star:
1.412273443806043, 1.6864316244032675, 2.464169845596757, 3.2606544820732872, 4.0
-0.15416242515535034, 0.47226738719770284, 0.981813002175731, 1.7644006108959889, 2.0670701506782905
0.0, 0.0, 0.0, 0.0, 0.0
0.0, 0.0, 0.0, 0.0, 0.0
0.0, 0.0, 0.0, 0.0, 0.0

True Predictors:
1.0
1.0
0.0
0.0
0.0

Evaluated Predictors:
1
1
0
0
0

True Intercept:
0.0

Evaluated Intercept:
0

