Beta Matrix:
1.4714413844725938, 1.7172827814358582, 2.3265625593800943, 3.3344800485798203, 3.999792156871175
-0.009484410165245871, 0.37920722409538743, 0.9799502106300797, 1.819458656803274, 1.988979100213108
0.0, 0.0, 0.0, 0.0, 0.0
0.0, 0.0, 0.0, 0.0, 0.0
0.0, 0.0, 0.0, 0.0, 0.0

Beta Star:
1.3555336692824873, 1.7285306644322174, 2.4363683534475755, 3.2746382402079197, 4.0
-0.16504564243469175, 0.4462523169657911, 1.013158101071809, 1.7813188423926607, 2.0160250576045766
0.0, 0.0, 0.0, 0.0, 0.0
0.0, 0.0, 0.0, 0.0, 0.0
0.0, 0.0, 0.0, 0.0, 0.0

True Predictors:
1.0
1.0
0.0
0.0
0.0

Evaluated Predictors:
1
1
0
0
0

True Intercept:
0.0

Evaluated Intercept:
0

