Beta Matrix:
0.9438560839095147, 1.1808030167828558, -1.1013582856865023, -1.1013582856864994, 1.1808030167828516, 0.943856083909516
-0.025863237032452448, 0.805453673714155, 1.610621816726539, -1.6106218167265378, -0.8054536737141582, 0.02586323703245441
0.0, 0.0, 0.0, 0.0, 0.0, 0.0

Beta Star:
0.9150173929876242, 1.2166888827290747, -1.116935688452257, -1.0987251165877945, 1.1841903030863583, 0.9442053218257576
-0.010343655691503004, 0.7768133571061216, 1.6424867833536667, -1.6506352340111108, -0.7662286647189639, 0.010717926340740997
0.0, 0.0, 0.0, 0.0, 0.0, 0.0

True Predictors:
1.0
1.0
0.0

Evaluated Predictors:
1.0
1.0
0.0

True Intercept:
0.0

Evaluated Intercept:
0

