Beta Matrix:
1.4714413844725938, 1.7172827814358582, 2.3265625593800943, 3.3344800485798203, 3.999792156871175
-0.009484410165245871, 0.37920722409538743, 0.9799502106300797, 1.819458656803274, 1.988979100213108
0.0, 0.0, 0.0, 0.0, 0.0
0.0, 0.0, 0.0, 0.0, 0.0
0.0, 0.0, 0.0, 0.0, 0.0

Beta Star:
1.3817353107783696, 1.7695502147162583, 2.2674522116836267, 3.55, 3.55
-0.10255564628591254, 0.48089871593422906, 0.9381025332328767, 1.8051826387126497, 2.016026542251682
0.0, 0.0, 0.0, 0.0, 0.0
0.0, 0.0, 0.0, 0.0, 0.0
0.0, 0.0, 0.0, 0.0, 0.0

True Predictors:
1.0
1.0
0.0
0.0
0.0

Evaluated Predictors:
1
1
0
0
0

True Intercept:
0.0

Evaluated Intercept:
0

