Beta Matrix:
-0.00022500735972652564, 0.33465380672809575, 0.6631842643900749, 0.8411994900163515
-0.0077165460114253515, 0.7440741312637233, 1.2718709854556574, 0.8572818702318723
0.0, 0.0, 0.0, 0.0
-0.0077165460114253515, 0.7440741312637233, 1.2718709854556574, 0.8572818702318723
0.0, 0.0, 0.0, 0.0
0.0, 0.0, 0.0, 0.0

Beta Star:
-0.1646063016912204, 0.6569196657662745, 0.2684940601718894, 1.068
0.8256773056462804, 0.4002145592739893, 1.068, 0.7324313035554306
0.0, 0.0, 0.0, 0.0
-0.063768476824491, 0.8389596478133495, 1.068, 1.068
0.0, 0.0, 0.0, 0.0
0.0, 0.0, 0.0, 0.0

True Predictors:
1.0
1.0
0.0
1.0
0.0
0.0

Evaluated Predictors:
1
1
0
1
0
0

True Intercept:
0.0

Evaluated Intercept:
0

