Beta Matrix:
0.9128438495146117, 1.4448952162610063, -0.9259110374186655, 0.3208559823074215, 3.579482826932242, -0.11834009229965917, 1.827979202457128, 3.7885920204481587, -0.18316275569013962, 2.168147402295064, 3.0392760465816635, 2.14527065877735
0.9999954467621828, 1.00004955103053, 0.9589730728084297, 0.7817848043903335, 0.5102634099004947, 0.17721773783931777, -0.17721773783931674, -0.5102634099004976, -0.7817848043903302, -0.9589730728084327, -1.000049551030524, -0.9999954467621857
0.0, 0.0, 0.0, 0.0, 0.0, 0.0, 0.0, 0.0, 0.0, 0.0, 0.0, 0.0
0.0, 0.0, 0.0, 0.0, 0.0, 0.0, 0.0, 0.0, 0.0, 0.0, 0.0, 0.0
0.0, 0.0, 0.0, 0.0, 0.0, 0.0, 0.0, 0.0, 0.0, 0.0, 0.0, 0.0
0.0, 0.0, 0.0, 0.0, 0.0, 0.0, 0.0, 0.0, 0.0, 0.0, 0.0, 0.0

Beta Star:
3.755691108894513, 0.8264062274974333, -3.7573725337059134, 3.780269966251774, 2.5212176722220536, -1.1605237713132937, -3.7169087362343434, 3.770882878909785, 3.7729611826457927, 3.7800489264881034, 3.7601709369477674, 3.741921203654099
0.7851038955540708, 0.8689328797961102, 0.8911859085988714, 0.9058498954239287, 0.7435931592580272, 0.4891789723015223, -0.5541137150203281, -0.8270847521133222, -0.8434517864514276, -0.8165178630541593, -0.81643734686588, -0.7166741592418877
0.0, 0.0, 0.0, 0.0, 0.0, 0.0, 0.0, 0.0, 0.0, 0.0, 0.0, 0.0
0.0, 0.0, 0.0, 0.0, 0.0, 0.0, 0.0, 0.0, 0.0, 0.0, 0.0, 0.0
0.0, 0.0, 0.0, 0.0, 0.0, 0.0, 0.0, 0.0, 0.0, 0.0, 0.0, 0.0
0.0, 0.0, 0.0, 0.0, 0.0, 0.0, 0.0, 0.0, 0.0, 0.0, 0.0, 0.0

True Predictors:
1.0
1.0
0.0
0.0
0.0
0.0

Evaluated Predictors:
1
1
0
0
0
0

True Intercept:
0.0

Evaluated Intercept:
0

