Beta Matrix:
4.227235307852073e-6, 0.11110128206709902, 0.33332385320682456, 0.6299257658754281, 0.7814749000245822, 0.8414669592018587
0.00015004392051634619, 0.2323840038856928, 0.69760105921472, 1.068166732059886, 0.9830667107116215, 0.8659979598140164
0.0, 0.0, 0.0, 0.0, 0.0, 0.0
0.00015004392051634619, 0.2323840038856928, 0.69760105921472, 1.068166732059886, 0.9830667107116215, 0.8659979598140164
0.0, 0.0, 0.0, 0.0, 0.0, 0.0
0.0, 0.0, 0.0, 0.0, 0.0, 0.0

Beta Star:
0.33911824015803466, 0.4942667839735846, 0.16721714568574947, 0.5356902470296426, 1.068, 0.09026709227685462
0.6607712080200409, 0.29281833506268007, 0.789327404346798, 0.9846176013310293, 0.5811124161567752, 0.27353082161982933
0.0, 0.0, 0.0, 0.0, 0.0, 0.0
-0.477607264961773, 0.25391025411848445, 0.10129976773491403, 0.9842279053540567, 0.8300164252438346, 1.068
0.0, 0.0, 0.0, 0.0, 0.0, 0.0
0.0, 0.0, 0.0, 0.0, 0.0, 0.0

True Predictors:
1.0
1.0
0.0
1.0
0.0
0.0

Evaluated Predictors:
1
1
0
1
0
0

True Intercept:
0.0

Evaluated Intercept:
0

