Beta Matrix:
-0.00022500735972652564, 0.33465380672809575, 0.6631842643900749, 0.8411994900163515
-0.0077165460114253515, 0.7440741312637233, 1.2718709854556574, 0.8572818702318723
0.0, 0.0, 0.0, 0.0
-0.0077165460114253515, 0.7440741312637233, 1.2718709854556574, 0.8572818702318723
0.0, 0.0, 0.0, 0.0
0.0, 0.0, 0.0, 0.0

Beta Star:
-0.05774339786454507, 0.3282390569297071, 0.5804325375016406, 1.068
0.34722951280111863, 1.068, 0.4033562063704893, 1.068
0.0, 0.0, 0.0, 0.0
0.06844766157082921, 1.068, 1.068, 0.8890423140729932
0.0, 0.0, 0.0, 0.0
0.0, 0.0, 0.0, 0.0

True Predictors:
1.0
1.0
0.0
1.0
0.0
0.0

Evaluated Predictors:
1
1
0
1
0
0

True Intercept:
0.0

Evaluated Intercept:
0

