Beta Matrix:
1.47152488818246, 1.6350490119308505, 2.0160352318045773, 2.8135447990224445, 3.5557211578950723, 3.9999834260759943
0.00503131428030687, 0.2169097868156442, 0.7273206205548894, 1.3517632375509372, 1.9335095828721531, 1.963451330033827
0.0, 0.0, 0.0, 0.0, 0.0, 0.0
0.0, 0.0, 0.0, 0.0, 0.0, 0.0
0.0, 0.0, 0.0, 0.0, 0.0, 0.0

Beta Star:
1.537959631433608, 1.5493287316636362, 2.0604174015943975, 2.8225688241783264, 3.523165811877753, 4.0
0.02301448198293186, 0.20718922902492218, 0.7097675061363129, 1.417100894673023, 1.828380764278606, 2.0668115456323424
0.0, 0.0, 0.0, 0.0, 0.0, 0.0
0.0, 0.0, 0.0, 0.0, 0.0, 0.0
0.0, 0.0, 0.0, 0.0, 0.0, 0.0

True Predictors:
1.0
1.0
0.0
0.0
0.0

Evaluated Predictors:
1
1
0
0
0

True Intercept:
0.0

Evaluated Intercept:
0

