Beta Matrix:
-0.00022500735972652564, 0.33465380672809575, 0.6631842643900749, 0.8411994900163515
-0.0077165460114253515, 0.7440741312637233, 1.2718709854556574, 0.8572818702318723
0.0, 0.0, 0.0, 0.0
-0.0077165460114253515, 0.7440741312637233, 1.2718709854556574, 0.8572818702318723
0.0, 0.0, 0.0, 0.0
0.0, 0.0, 0.0, 0.0

Beta Star:
0.12456339528672462, 0.4783957855177138, 1.068, 0.15921633957236866
1.068, 1.068, 0.7198394598773151, -0.010188420744681206
0.0, 0.0, 0.0, 0.0
0.5894643463226005, 0.12040913273443205, 1.068, 1.068
0.0, 0.0, 0.0, 0.0
0.0, 0.0, 0.0, 0.0

True Predictors:
1.0
1.0
0.0
1.0
0.0
0.0

Evaluated Predictors:
1
1
0
1
0
0

True Intercept:
0.0

Evaluated Intercept:
0

