Beta Matrix:
1.4714413844725938, 1.7172827814358582, 2.3265625593800943, 3.3344800485798203, 3.999792156871175
-0.009484410165245871, 0.37920722409538743, 0.9799502106300797, 1.819458656803274, 1.988979100213108
0.0, 0.0, 0.0, 0.0, 0.0
0.0, 0.0, 0.0, 0.0, 0.0
0.0, 0.0, 0.0, 0.0, 0.0

Beta Star:
1.4468769052356922, 1.7638778910014739, 2.2194265748646997, 3.55, 3.55
-0.049201313492789424, 0.25650239126639723, 1.2289343463602018, 1.6009809291029726, 2.2133616406310357
0.0, 0.0, 0.0, 0.0, 0.0
0.0, 0.0, 0.0, 0.0, 0.0
0.0, 0.0, 0.0, 0.0, 0.0

True Predictors:
1.0
1.0
0.0
0.0
0.0

Evaluated Predictors:
1
1
0
0
0

True Intercept:
0.0

Evaluated Intercept:
0

